pass10
0 0 0
10 0 0
20 0 0
0 0 1
-10 2 0
20 0 0
-10 0 0

pass20
0 0 0
20 0 0
40 0 0
0 0 1
-10 2 0
30 0 0
-10 0 0

pass30
0 0 0
30 0 0
60 0 0
0 0 1
-10 2 0
40 0 0
-10 0 0

pass40
0 0 0
40 0 0
80 0 0
0 0 1
-10 2 0
50 0 0
-10 0 0

pass50
0 0 0
50 0 0
100 0 0
0 0 1
-10 2 0
60 0 0
-10 0 0

run5
5 0 0
0 0 0
0 0 1
10 0 0
-10 1 0
-5 0 0
15 0 0

run10
10 0 0
0 0 0
0 0 1
20 0 0
-10 1 0
-5 0 0
20 0 0

run15
15 0 0
0 0 0
0 0 1
30 0 0
-10 1 0
-5 0 0
25 0 0

run20
20 0 0
0 0 0
0 0 1
40 0 0
-10 1 0
-5 0 0
30 0 0

run25
25 0 0
0 0 0
0 0 1
50 0 0
-10 1 0
-5 0 0
35 0 0

runDraw5
5 0 0
0 0 0
0 0 2
5 0 0
-5 1 0
0 0 0
15 0 0

runDraw10
10 0 0
0 0 0
0 0 2
10 0 0
-5 1 0
0 0 0
20 0 0

runDraw15
15 0 0
0 0 0
0 0 2
15 0 0
-5 1 0
0 0 0
25 0 0

runDraw20
20 0 0
0 0 0
0 0 2
20 0 0
-5 1 0
0 0 0
30 0 0

screenPass
5 0 0
10 0 0
10 0 0
0 0 2
5 1 0
20 0 0
0 0 0

playAction10
5 0 0
10 0 0
0 0 1
0 0 1
10 0 0
-10 0 0
-5 0 0

playAction20
10 0 0
20 0 0
0 0 1
0 0 1
20 0 0
-10 0 0
-5 0 0

playAction30
15 0 0
30 0 0
0 0 1
0 0 1
30 0 0
-10 0 0
-5 0 0

playAction40
20 0 0
40 0 0
0 0 1
0 0 1
40 0 0
-10 0 0
-5 0 0

playAction50
25 0 0
50 0 0
0 0 1
0 0 1
50 0 0
-10 0 0
-5 0 0